1
540.000
810.000
270.000
540.000
540.000
270.000
270.000
810.000
810.000
540.000
540.000
540.000
810.000
270.000
780.000
270.000
810.000
270.000
-2500.000
-2500.000
-2500.000
-2500.000
-2500.000
-2500.000
-2500.000
-2500.000
-2500.000
0.076
0.076
0.076
0.076
0.076
0.076
0.076
0.076
0.076
10000.000
10000.000
10000.000
10000.000
10000.000
10000.000
10000.000
10000.000
10000.000
300.000
300.000
300.000
300.000
300.000
300.000
300.000
300.000
300.000
0.800
0.800
0.800
0.800
0.800
0.800
0.800
0.800
0.800
0.000
0.000
0.000
0.000
0.000
0.000
0.000
0.000
0.000
